

%% Input data
ReqAngle = pi / 2;
ReqVel = 0;

%% High Level Controller
k_p = 8.373421604587641e+05;
k_d = 3.037507378306763e-08;  
k_s = 1.823468448158418e+10; 