

%% Input data
ReqAngle = pi / 2;
ReqVel = 0;

%% High Level Controller
k_p = 1.282927017697896e+06;  
k_d = 1.540529319687621e+03;  
k_s = 0.464083737464768;  