

%% Input data
ReqAngle = pi / 6;
ReqVel = 0;

%% High Level Controller
k_p = 2.913425322579283e+09;
k_d = 1.120959010978246e+11;  
k_s = 7.304882596419963e+09; 